18 49 58 14 60 52 89 70 12 9 64 36
16 37 73 76 99 40 8 31 93
98 60 35 92 26 20 63 65 78 17 2 65 4
90 51 56 79 47 18 86 92 99 67 59
57 84 97 60 83 34 100 22 11 29 96 9
15 16 83 19 58 55 86 78 41 93 37 93 87 96 62 9 87 92 95 93
23 90 100 70 66 73 50 12 78 77 67 35 65
53 91 8 39 79 42 99 65 32 5 28 25 47 21 55 15 68 6
76 55 96 29 27 44 55 61 58 54 65 100 56 46 63 73 37 16
88 64 1 82 97 100 99 5 38 4 14 95 22 76 38 95 31 58
53 30 39 76 86
57 0 71 38 79 86 68 12 14 88 66 60 12 89 3 55 3 9
40 48 59 41 72 22 48 10 50 71 43 94 95 61 39
39 6 8 64 86 26 71 68 89 96 12 32 34 67
36 82 7 36 53 32 20 54 46 37
18 88 27 98 45 18 35 33
61 53 45 8 83 54 66 98 59 73
87 17 43 68 50 37 37 71 42 14 67 46 37 88 79 22 82 96 66
97 40 52 1 43 97 12 39 53 97 30 96 57 54 41 42
2 56 12 88 11 97 0 72 76 92
14 97 4 2 12 72 64 22 2 91 13 28 81 57 19 53 60 81 5 2
96 54 52 38 77 77 38 25 73 26 84 43 16 90 73
13 73 43 29 97 87 0 22 21 1 58 69
49 43 9 79 89 99 69 53 19
88 93 39 13 92 8 7 30 32 83 83 27 89 75 94 40 8 80
99 58 45 96 31 96 25 4 62 77 40 16 52 44
31 61 96 19 29
77 63 11 51 97 81 17 86 13 83
72 65 81 56 5 26 69 10
7 96 24 53 50 17 25 22 27 9 72 58
35 9 8 50 0 61 56 44 63 61 98 88 58 56 13 18
27 88 28 65 11 100 0 3 13 8 93 77 4 82 36 79
97 60 77 2 5 13 37 91 84
1 97 74 88 39 33 47 41 43 82 11 91 30 4
98 39 20 51 61 20 7
83 29 99 22 45 42 27 35 62 99 20 1 15 63
38 8 67 91 98 86 14 2 20 39 53 65 3
92 38 33 92 5 89 10 59 29
13 100 60 96 78 63 62 53 8 16 35 12 30 96 89 85 96 51 93 50
85 28 100 16 80 26 18 23 55
93 51 33 23 40 13 96 77
32 16 97 73 91 25 57 96 47 75 69 36 95 88 54
24 98 7 34 0 90 30 48 95 80 49 36 99 43 32 95 49 27 70
32 8 50 37 59 19 26 64 33 67
93 34 21 61 38 100 79 26 27 6 13 96 51 86 50
54 33 21 65 37 62 31 33 86 37 22 43 26 46 85
47 22 59 7 88 92 91 52 59 21 22
29 29 50 56 1 65 19 35 3
59 88 64 97 16
66 31 11 55 65
8 43 78 21 62 48 8 77 63 77 31
74 90 47 0 85
88 53 20 22 5
19 89 44 70 65 1 93 68 57 42 36 31 99 25 23 95
38 66 95 48 41 61 42 70 27
99 39 2 80 92 97 67 27 56 83 65 4 54 64 14 32 52
34 91 75 91 3
79 20 69 30 74 90 72 10 32 45 88 22 17 33 79 24
27 33 69 56 66 12 33 38 75 56 79 90 58
69 77 82 63 23 45 69 80 5 87
65 76 69 83 4 80 16 22 51 11 62 30 30 41 100 5 22 53 95 48
46 38 62 20 29 10 53 37 11 34 79 46 18 80 90 4 18 80 98
20 45 71 29 86 20 60 16 67 21 8 42 39 69 11 53 79
69 62 86 99 91 98 97 88 16 14 60 69
61 16 3 36 52 32 33 34 26 92 93 56 74 43
59 87 99 67 62 9
96 68 57 64 53
65 74 5 20 41 66 70 71 57
42 44 40 91 54 84 28
59 29 46 28 4 54 41 62 59 13 42 19 43 7 12
34 88 92 19 41 69 90 4 52 37 58 90 20 13 44 27 7 31
49 74 94 18 7 79 78 98 58 88 39 48 47 72 25 88 30 97
49 37 23 86 14 94
87 85 49 83 3 30 77 18
44 40 31 62 6 75 62 92 33 60 29 28 73
61 92 94 12 81
71 6 49 44 7 50 37 99 67 60
21 10 43 24 44 35 19 90 11 9 41 23 22 84 3 12 37 16
83 95 95 33 69
87 24 86 22 95
85 79 91 59 32 63 63 81 62 57 38 60 28 60 60 71
60 4 60 10 83 40 8 35 42 45 57 73 21 42 91 10 15 48
38 16 46 67 17 88 98 35 83 38 29 19 30 0
35 99 60 58 65 57 54 100 61 4 6 61 61 10 61 39 31
23 39 91 30 91 16 19 13 11 76 25 27 22 90 50 30 7
35 58 70 56 74 72 82 12 99 73
31 48 99 61 28 45 71 77 11 48 85 92 34 98 93 1 44 81
48 61 83 6 30 48 59 25 32
75 62 39 3 7 15 90 90 64 3 52 24 58 99 6 34 92 86 23 1
76 20 30 94 61 49 94 21 66 6 8 9 12 14 27 89 28 92
7 49 28 13 96 55 26 35 55 46 95 57
78 51 17 35 21 89 88 62 76
84 12 49 92 51 37 62 36 64 67 1 4 61 2 40
51 47 16 97 45 41 26 27 14 89 21 41 82 25 30
11 4 82 63 95 37 14 41 80 65 24 100 11 61 17 49
75 24 1 94 37 89 11 83 47 42 53 59
77 70 33 26 28 58 38 49 69 65 48 23 13 46 98
59 77 47 51 72
92 80 41 72 95 58 25 29 38 21 64 98 40 67
20 15 57 35 89
89 97 35 71 3 25 30 77
72 50 39 18 7 65 47 46 99 5 91 97 66 49 85 87 64 16 30
73 40 47 11 78 93 44 93 24 62 26 2 10 93 95 38 13 79 35
35 46 42 89 48 73 59 58 38 72
71 90 53 89 14 6 44 59
36 84 17 45 73 72 18 39 34 26 20 85 78 90 29 19 84 9 78
44 87 74 44 55 53 61 57 6 11 12 1 36
38 42 67 72 72 48 66 52 65 100 78 89 63 68 96 67
0 52 72 76 33 100 15
99 48 34 21 13 68
22 41 69 3 44 84
100 66 35 71 87 38 21 87 65
4 30 79 61 86 3 43 41 9 79 84 58 5 40
92 97 87 67 80 52
45 90 36 97 0 15 76 35 97 85 98 16 79 34 95 86 44 33 38
65 62 23 55 79 80 54
88 45 68 20 38 25 58 64 49 89 4 94 66 65 93 0 94
6 88 67 31 23 86 9 44 98 95 60 79 89 88 12 96
71 53 59 90 14 0 76 94 56 93 24 72
69 92 41 26 3 28 82 41 22 24 79 46 12 53 67 83 80 83 13
0 17 29 29 27 100 1 5 32 47 83 53 11 82
47 30 14 30 67 55 88 56 21
32 46 26 6 0 40 10 33 82 8 65 46 67
21 30 41 30 31 69
72 19 5 83 27 58 57 56 90 23 26 73 39 52 63 9 21 78 26
29 4 45 88 66 87 51 31 81 19
14 55 43 84 14 89 68 80 98 2 100 67 49 83 19 1
4 67 93 16 46 53 82 43 14 78 71
7 6 45 7 17 16 30
74 1 4 68 91 64 47 45 11 13 34 88 6 74 37 86 27 71 74 97
35 30 59 41 87 91 66 33 41 99 35 0 31 100 79 73 69 100 24 76
72 14 77 93 27 41 28 74 72 46 61 74 72 86 51 96 55
39 25 18 11 11 57 34 88 61 0
9 71 13 61 61 84 100 53 35 71 46 61 74 31 11 26 85 50
62 27 49 32 96 8 47 100 83 48 34 80 42 14 40 0 1 19 45 85
94 89 65 75 15 58 8 33 87 99 75 3 54 89 56 27 15 70
75 77 31 23 45 85 51
69 1 92 32 86 40 68 89 0 25 9 82 29
37 27 79 67 14 42 15 11 84 96 89 82 77 67 32 16 73 82 56 46
79 46 69 74 12 76 48 39 14 52 78 51 11 75 6 26
24 67 11 50 72 22 29 74 28 88 3 9 62 98
67 88 61 5 45 7 77 12 54
96 14 78 52 4 87 25 67 71
86 22 7 75 28 22 100 30 95 26 57 9 2 80 63 27 89 68 16
66 32 76 63 64 98
35 49 59 46 14 51 77 35 20 51 25 93 33
78 27 7 50 84 78 22 59 90 89 84 11 0
12 13 41 49 83 76 27 95 94 14 61 97
44 22 60 41 61 78 68
25 81 60 37 4 35 85 52 80 54
96 10 44 28 64 82 46 72 77 61 54 25 0 2 99 29
8 33 89 56 8 46 87 29 25 32 42 82 46 10 75 26 60 5
93 71 3 6 72 76 86 56 9 43 94 32 95 27 49 75 24 96
84 51 90 22 46 38 35 45 24
1 47 44 5 76 5 85 34 72 36 87 63 47 78 96 97 67 88 53 87
65 66 81 22 8 10 35 97 9 68 66 32
37 88 50 48 18 62 27 27
74 9 86 46 2 58
19 3 31 42 5 40 42 30 100
42 45 100 11 42 99 86 52
37 14 10 54 89 41 16 72 2 53 83 19 12 88 99 95 41 7 24
51 67 97 37 15 69 42 62 68 0 0 27 65 46 85
9 34 67 65 49 31 88 4 63 93 23 21 99 48 72 93 13 28 94
98 100 85 87 15 98 1 56 82 31 67 74 12 49 58 86 57 96 3
87 93 52 46 84 63 42 57 88 97 21 23 49 39
62 61 46 33 79 51 91 86 86 0 22 88 78 77 10 13 100
96 43 21 29 82 99 51 63 25 70
97 47 61 94 39 8 78 32 41 84 6 39 61 4 15 23 84 20 46
70 93 49 39 78 39 63 45
66 43 37 23 93 89 39 37 25 64 93 80 26 81 38 85 68 55 30
35 54 53 96 4 65 14 15 77 5 4 49 11 18 42 10
59 39 40 73 40 16 69 24 36 3
5 18 41 34 38 80 77 53 67 36 49
57 46 3 13 73 7
57 60 63 85 92 78 39 16 72 72 88 81 21 65 51 41 51 96 58 67
19 60 25 33 16 91 63 55 96 36 41 45 48 41 49 2 35 9 58
52 78 78 8 44 9 32 96 83 19 51 64 85 73 85 63 1 90
95 23 7 23 10 28 79 6 30
56 35 85 3 73 85 62 56 3 99 60 65
15 53 68 47 65 28 79 70 34 34 96 91 100 24 23
60 85 48 78 80 81 58 88 9 13 42 74 20 47
99 10 43 84 2 59 51 7 87 54 24 55 21
17 21 96 27 73 97
60 99 23 1 12 30 19 76 67 57 90
43 82 61 30 3
38 68 27 58 81 79 81
38 7 85 79 88 28 85 68
47 61 82 56 99 25 82 4 70 91 100 12 89 96
26 78 91 87 33 47 21 95 33 96 89 15
64 62 77 21 92
28 79 77 90 44 73 88 99 33 19 11 68 76 20 34 39 74
19 24 9 66 40 25 20 94 29 97 4 94 8 6 83 91 83 65
28 21 31 44 92 46
33 42 78 17 2 30 18 87 38 75 35 28 100
53 47 85 49 59 85 62 15 48 94 39 83 7 82 34 74
23 47 41 92 39 100 76
3 60 79 67 47 53 44 76 44 9 29 27 90
10 84 76 81 15 5 37 32 16 29
88 34 53 29 14 7 21 80 76 88 38 78 82 56 87 80 27 25
75 88 7 34 51 27 21 47 55 61 44
44 31 85 99 57 80 42 95 93
73 74 6 78 48 64 69 71 43 1 81 1 16 19 15 84 49 61 6 86
61 61 40 58 28 96 60 94 79 65 96 98 57 81
13 67 84 88 65 7 67 11 98 12 72 81 41 90 13 100 14 62 68 92
79 13 38 36 55 21 94 9 10 97 16 78 79
42 37 10 81 55 82 93 18 55 30 11 57 7 56 52 32 37 59 50
28 31 85 61 86 25 95 34 52 72 78 90 42 82 75
97 79 43 45 87 46 97 41 44 80 41 66 50 5 30 15 97 8 100
11 62 48 64 11 56 50 53 36 97 19 64 97 33 25 77 13 28 79
73 84 9 18 16 29 27 48 21 60 87 62 43 49 85 11 48 31 70 73
59 97 76 28 45 21 86 21 19 43 98 81 42 32 57 94 39
22 57 77 15 0 42 20 60 72 38 62 50 50 22
72 12 77 76 36 34 22 66 22 49 79 86 78 63 9
54 81 92 82 50 15 22 37 96 63 32
75 38 14 23 81
81 48 90 48 18 44 27 98
66 77 76 44 3 74 52 63 11 64 13 76 93 27 90 35
82 61 73 78 6 97 41 71
13 78 55 20 39
51 20 9 25 88 80 32 16 65 9 27 81 19 66
19 22 58 24 46 85 32 28 68 84 52 36 76 95 7
10 1 28 13 97 44 16 63
24 72 17 89 29 20 89 29 52 38 99 17 63 82 58 10
71 3 78 84 52
99 43 84 25 95 2 65 75 76 50 9 54 86 77 64 48 31 17 26
40 24 45 17 40 49 30 28 38 52
16 5 70 92 27 63 49 50 69 75 97 69 45 24 5 5
34 41 98 57 18 76 9 92 73
27 28 42 56 5 73 29 24 73 24 0 37 46 52 63 51
54 74 29 12 92 36 60 49 40 25 86
98 34 37 38 87
33 34 36 25 79 44 58 81 97 17 14 38 30 71 76 18 63 16 63
42 49 82 51 74 64 48 32 90 84 7 54 44 80 26 55
32 2 19 79 52 88 78 8 33 51 2 91 64 7 21 72 61 11 37 68
86 19 67 95 4 30 84 83 98 48
83 27 0 78 55 95 22 52 25 69 97 12 90 83 66
27 34 36 88 31 14 61 98 30 99 45 23
7 57 84 80 67 60 65
53 65 68 99 81 4 15 4 49 85 6 12 35 32 0 74 5 62 57 36
58 52 84 18 33 67 88
39 73 100 85 11 31 19 4 6 39 40 65 3 54
23 72 79 99 86 20 70
61 30 14 28 60 59 58 27 92 73 81 59 1 38 78 79
2 24 15 87 47 54 28
86 15 0 80 86 47 38 55 56 9 59 22 8 37 94
54 89 6 57 3 26 78 54 19 57 55 51 52 80 18 74 86 30
91 14 30 74 90
18 56 7 25 28 36 54 71 66 80 73 73 61 93 70 26 54 95 89
30 68 66 27 11 51 39 0 4 39 26 79 18 52
1 11 59 84 35 76
44 41 31 39 97 67 6 90 31 3 95 20 84 72 36 91 22 28 100 51
34 24 52 89 13 11 38 52 41 91 80 68
74 20 87 16 49
28 89 81 96 64 47 24 29 44 9 37 50 68 33
0 92 58 31 86 71
41 4 95 2 50 26 23 53
100 90 62 22 98 100 7 19 93 3 48 97
31 86 55 65 95 0 46 44 2 15 10
36 92 56 61 26 52
50 51 48 17 69 5 20 2 37 79 99 57 34
99 11 33 33 21 19 40 61 87
17 9 89 53 48 1 36 45 87 41 54 18 56
77 42 16 37 71 11 11 54 2
73 56 66 15 21 11 73 37 2 39 82 0 14 98
28 87 29 29 71 71 69 46 43 10 60 6
7 27 33 37 37 52 73 28
20 10 50 71 54 50 23 44
7 72 20 85 97 32 82 53 5 37 59 38 0 99 32 33
69 18 90 7 65 4 83 72 92 20 15 63
32 44 71 28 91 42 68 82 5 53 91 6 88 89 3
53 96 58 20 44 51 47 71
38 32 76 71 19 14 76 51 39 43 28 2 13 54
55 67 70 53 13 17
69 3 6 7 72 95 89 67 71 95 54 51 60 77 46 70 26 72 67 45
9 1 43 17 13 3 29 65 91 50 76
78 43 94 51 8 25 81 32 63
68 9 7 79 96 57 77 72 67 43 21
79 100 71 70 10
86 99 81 84 81 23 23 97 13 99 79 100 94 61 3 14 28 59
27 27 18 77 81
12 25 51 68 65 26 43 73 7 21
77 34 37 34 89 54 55 45 2 39 74 86 81 48
83 20 76 29 26 39 86 6 76 25 5 13 47 20 33 49 56 56
72 45 88 0 0 77 81 35
40 88 22 95 93 54 0 90 58 74 73 1 72 19 26 20 29 97 2
83 1 82 13 7 64 7 63 30 29 7 60 14 38 93 49 94 64 21
3 48 87 44 13 37 72
73 30 34 51 98 29 72 88
100 75 58 51 40 51 3 76 76 50
81 85 99 59 3 47 56
47 12 23 17 44 56 12 31 54 72 0 12 65 19
84 64 61 43 7 67 27 82 59 57 86 22 2 13 8 45
69 11 4 93 27 93 35 84 76 28 92 58 10 53 50 49 53 95 91 28
66 75 63 87 100 29 53 54 3 21 0 26 34
59 62 5 97 57 100 92 9 20 46 94 93 28 72 74 61 6 11
54 92 49 90 35 56 55 15 38 45 28 60 100
26 69 61 53 76 45 1 31 34 74 24 34 31 80 36 65 5 14 15 53
94 30 38 68 0 22 21 42 99 12 71 16 36
20 37 74 35 15 32 93 93 74
25 58 70 87 17 76 67 55 70 77 89 49 67 36 57 95 73 12 50
18 25 92 81 36 33 76 90 10 1 76 14
80 36 74 99 4 64 54 69 80 17 88 93 53 46
90 55 45 100 99 82
41 38 79 7 91 87 99 54 97
20 90 69 32 6 17 95 25 96 95 0 6 26 48 85 72 82 95 91
89 11 88 39 72 83 65 100 44 61 90 10 11 44 68
25 80 59 14 42 82 3 27 100 94 6
81 48 74 38 13 27
24 8 19 45 53 21 91 78 11 26 14 14 21 52
88 6 63 1 42 92 23 20 38 58 15 32 48 60 22 15 76 21
3 73 4 39 66 4
50 37 94 35 66 67 5
31 89 98 62 51 53 97 23 79 57 76 34 65 98 6
80 17 41 62 10 15 34 91
9 54 10 69 94
88 31 4 49 67 54 18 4 48 64 93
15 63 99 49 1 13 84 65
3 83 63 48 29 34 25 19 0 20 83 41
24 74 75 44 100 46 52 39 96 19 25 94 8
7 16 81 1 70 19 14 98 96 14 85 20 0 22
97 17 95 77 97 21 38 60 95 33
21 23 76 48 86 27 19 51 72 81 94 66 60 62 38 47 59 90 9
70 52 22 60 62 97 68 64 97 56 18 69 3 29 72 2 76 58 67
36 77 67 18 29 38 53
84 91 91 92 69 12 27 100 27 85
31 25 69 57 79 66 12 9 56
98 15 8 95 15 14 95 74 42 88 11 40
79 45 7 85 78 57 71 76 47 94 14 40 85 21 57 66 45
91 93 47 67 38 4 18 52 67 48 13 20 4 24 22
86 73 19 69 53
37 51 61 95 37 62 69 75 9 56
82 59 86 52 6
9 10 22 35 54 6 4 87 29 7 8 46 11 0 63 4 10 82 60 81
37 90 65 79 63 76 28 4 94
16 1 38 66 14 70 60 51 40 11 43 34 45 10
0 3 60 28 32 14 83 70 15 38 19 0 71
18 9 4 22 76 30 81
46 81 42 68 12 22 92 84 31 9
70 87 41 45 87 34 11
74 46 14 20 24 8 80 70 30 98 25 62 44 97 62 40 36 10 85 89
98 89 52 100 82 69 41 28 56 54 25 97
24 53 83 15 81 12 15 8 68
85 57 53 92 84 64 23 44 33
2 54 72 21 28 72 87 87 84 88
55 56 17 54 84 52 79 82 85 46 36 37
80 58 46 86 55 70 22 0 46 38 21
62 69 77 26 90 89 35 62 36 45 4 41 50 44 10 5 69 25 74 8
82 57 62 3 96 25 63 3
44 79 69 82 90 88 13 71 30 88 72 44 88 56 13 87 36 66
38 13 17 65 97 48 39 23 98 74 97
65 97 93 74 87 17 60 21 53 36 31 33 39 20 91 47 80 43
10 59 29 16 98 68 99 14 98 13 31 64 42 24 26 78 50
74 82 69 34 11 99 55 18 96 1 89 17
5 68 75 57 78 89 15 18 68 69 19 47 30 67 30 19 97 75
10 20 20 80 18 78 36 70 8 81 59 99
63 38 62 18 92 50 13 94 66 82 7 36 91
60 1 71 26 65 34 82 98 95 16
75 28 19 3 53 6 74 82 32 77 52 83 66 95 11 18 30 69 22
19 29 83 97 29 25 83 63 49 43 16 26
11 87 77 80 77 73 99 77 0 7
33 51 11 73 2 97 77 24 93 40 23 81 36
14 26 55 61 51 89 37 94
68 1 73 67 23 19 99 28 24 12 59
13 47 41 22 79 79 100 52 28 28 31
72 51 96 5 73
21 33 33 65 96 39
34 5 66 5 93 41 12 46 100 55 74 66 58 19 68 63 93 9
35 36 80 34 32 15 92 17 51 43 91 7 93 50 83 88 59 66 57 34
89 5 17 78 85 1
61 51 100 77 7 40 55 100 91 36 31 86 59 1 39
78 89 74 80 92
21 41 88 46 41
69 7 94 49 10 100 31 100 97 98 3 10 11 27 95 98 29
76 14 55 81 62 65 71 36 65 21
49 15 25 9 87 1 32 54
69 52 25 65 75
68 25 30 1 51 12 67 15 85 21 41 24 60 75 37 49
52 13 75 23 1 10 53 16 78 81 6 4 69 37
33 12 18 60 91 0 9
8 62 96 34 43 8 7
79 76 51 24 94 65 69
27 64 91 58 46 5 73 0 19 30 90 46 24 17
78 78 0 99 48 61 89 21 17 20 47 18 48 83 17 88 75
44 30 5 25 31 62 32 55 23 99 91 10
29 66 66 49 52 21 79
65 98 89 45 2 90 1 31 9 43 42 59
43 81 90 19 76 97 64 91 77 31 24
0 66 20 80 84 60 85 31 2 10 10 36 15 28 94 58 15 1 92 27
42 40 89 65 75 58 93 49 84 38 49 50 15 21 78 68 50 6 96
69 22 52 87 11 99 44 42 4 0 45 47 100 65 5 13 93
1 70 12 2 31 2 91 63 72 13 39
8 7 3 92 74 100 38 52 1 12 12 21 46 44 12 43 48 42 49
25 40 100 65 30 61 64 28 73 5 39
83 92 57 38 19
85 55 59 23 35 34 8 3 61 29 79 51 82
22 85 34 98 17 36 86 97 1 25
17 32 29 42 92 12 33 15 21 14 9 40 34 52 66 20 72 60 78 68
75 33 37 86 45 60 96 91 95 96 69
68 62 42 7 63 87 86 78 16 84 77 33
17 96 97 88 69 94 88 68 32 68 51 3 33
42 21 92 27 30 74
92 44 70 47 84 76 100 19 7 47 73 16 61 30 38 84
52 61 56 54 9 91 7 74 62 76 92 84 47
34 22 2 23 24 99 53 24 49 21 14 7 63 88 81 33 14 15 81 21
51 53 86 57 39 8 85 81 78 64 11 97
44 63 19 75 2 14 29 65 34 8 9 46 12
56 81 62 36 50 41 24 59 46 35 44 56 63 92 59 89
12 6 92 55 55 37 85 33 62 55 40 37 77 51 31 46
44 27 90 54 65 80 37 82
14 74 98 73 6 11 91 28 38 40 11 62 43 53 90 8 69 65 76 1
67 96 10 31 68 22 59 10 90 9 31 7 87 65 75
94 23 3 70 71 33 37 8 79
95 84 96 75 51 21 71 36 8 94
100 57 33 24 6 12 82 61 91
2 3 30 83 10 66
82 67 33 70 56 12 66 65 71 100 44 56 63 33
21 92 33 38 26 89 1 85 9 30
73 76 55 77 83 4 44 11 43 77 80
53 35 42 30 19 73 54
89 60 34 82 38 8 2 44 1 14 81 41 96 71
56 90 76 51 68 57 96 92 1 99 33 5 50 5 50 69 95 76 99
14 78 73 19 2 65 7 76 62 8 11 21 57 85 69
0 87 44 4 77 97 79 98 0 83 4 19 20
36 8 79 53 68 52 99 52 32 56 8
12 98 26 84 56
43 63 62 5 88 82 53 6 8 63 57 86 80
74 36 76 55 70 9 78 4 35 48 36 30 34 31 60 13 96 60 68 18
64 65 91 93 30 39 38
36 73 13 36 47 17 23 78 14
45 35 65 19 32 15 15 71 59 89 31 52 89 63 76 18 37 16 30 62
2 0 74 97 88 37 14 1 98 76 48 69 32 58 74 92
89 13 10 19 71 95 64 24 4 77
36 33 96 26 56
82 3 56 53 93 78 93 24 37 42 46 66 77 79
59 60 68 48 12 64 13 93 82 37 25
79 75 15 61 61 49 92 9 93 91 33 41 85 25 21 61 80
99 49 55 81 73 71 70 50
9 2 77 21 89 48 39 12 99 45 34 7 54 84 28 87
70 4 72 26 50 4 40 48 73 9 86 85 63 0 30 58 18 74 71 33
61 15 81 30 89 98 55 18 92 26 70 70 43 1 5
44 16 64 14 76 1 13 68 94 98 55 78 4 60 9 2 85 85
65 30 77 60 42 49
94 86 20 98 3 94 64 50 6 33 93 100
86 64 15 5 46 94 34 98 73 93 6 26 7 42 59 76 23 87 79 91
10 32 59 4 44 60 59 94 60 90 80 56
49 60 16 5 9 69 84 93 59 56 83 20 56 37
100 0 42 70 50 88 42 33 14 75 44 40 54 29 9 38
50 64 56 9 76 21 26 39 73 15 83
30 8 10 14 81 42 89
48 46 75 44 13 20 80 19 64 41 32 25 45
100 5 5 68 79 78 78 85 67 12 78 57 88 89 89
56 1 47 16 38 58 43 40 77 72 26 53 24 80 49 10 1 62
29 75 60 45 21 67 20 52 67 34 63 36 19 28 37 71 61
52 29 12 65 48 26 66 58 53 20 84 9
71 19 40 8 61 79 55 52 68 23 55 30
56 2 75 48 57 49 27 5 52 52 75
34 12 4 64 27 96 55
44 36 5 71 71 29 98 82 7 95 16 73 76 18 23 48 33 2
78 7 0 54 6 92 57 90 32 89
72 32 59 30 17 84 62 77
13 80 95 52 53 57 70 7
50 10 61 51 37 47 82 7 78 28 72 95 43 97 70
42 59 63 65 16 47 97 59 25 84 27 96 71 16 97 0 85
71 11 26 88 48 39
12 17 20 10 38 94 79 54 52
19 94 31 54 20 22 92 47 18 35 67
65 63 70 47 81 70
44 48 47 53 70 45 10 2 69 7 51
93 9 20 48 47 57 37 15 86
50 38 47 13 70 29 85 14 35
84 97 25 56 89 77 0 55 76
21 21 36 85 71
4 98 6 77 51 79 75 19 20 71 41 34 36 46 0 18 84
36 6 96 37 1 97 65 27 2 84 79 53 16 81 36 60 38
95 79 36 83 72 80 17 11 91 71 72 85 78 25 34 14 2
42 0 35 12 84 5 72 40
29 81 71 44 13 34 57 53 70 40 1 50 95 31 1 53
1 93 2 75 82 38 80 76 37 75 54 9 42 59
6 18 68 6 30 66 7 15 100 12 89 15 89 96
40 67 29 38 53 52 12 9 89 95 31 35
13 58 55 15 71 41 69
57 38 24 62 97 35 5 85 32 84 12 76 73 35 94 84 88
9 90 73 75 9 52 24
1 62 96 52 10 14 83 83 98 19 53 47
100 56 88 78 29 73 1 94 65 46 83 88 3 33 42 9 99 61 78 89
0 52 2 3 44 21 68 69 88 19 1 93
37 34 66 49 23 5 57 98 84 15 51 39 3 83
90 11 37 28 39 40 36 29 24 93 37 64 73 0 11 2 43
31 10 47 18 56
99 54 38 30 10 46 11 42
82 85 72 5 83 84 50 14 42 13 92 0 8 98 89 10
5 34 60 27 99 6 2 75 5 99 16 70 19 77 4
88 38 6 27 30 74 15 30 26 21 4 14 1 83 33
98 93 86 77 98 22 90 68
56 7 47 95 49 86 48
31 57 60 89 43 12 51 47 46 51
9 1 51 31 39 75 79
3 47 99 8 2 93 21 32 18 18 58 46 89 53 53 70
90 56 9 95 3 36 19 55 82
99 58 80 97 83 52 84 13 38 88
42 55 80 36 31 37 12
13 27 87 1 38 62 49 58 1 100 79 6 63 30
29 24 57 63 65 53 13 80 83 59 62 82 34 6 93 76 76
90 14 15 18 81 83 71 31
18 48 0 46 100 87 68 63 14 49
58 76 12 38 10 57 44 60 100 17 56 92 23 54 38 13 21 68 73
5 0 55 64 0
28 33 96 21 37 29
97 69 29 55 8 57 55 46 49
34 57 49 40 28 19 70 92 39 19 62 53 56 23
92 19 73 41 13 17 12 75 48 97
81 31 48 53 8 30 61 77 85 36 24 98 84 77 5
65 51 55 59 2 87 94 100 71 34 20 55 7 51
56 69 35 85 11 28 38 36 67 13 53 97 15 41 33 85 78
94 60 38 32 48 54 63 34 9 76 65 89 52
83 38 97 21 86 17 37 74 42 91 17 20 52 57
97 73 43 56 5 83 8 87 56 42 94 40 93 49 5 76
65 42 65 7 28 37 21 86 28 91 20 27 65 63 76 91 28 50 46 20
19 94 37 31 29 73 60 58 92 58 72 78 0 89 48 28
36 93 22 73 42 30 7 84 64 62
85 56 50 9 87 9 27 43 88 88 8 28 94 41 100 77 47 4
36 59 65 56 99 36 94 67 14 67 57 44 15 30 17 65 63 32
52 6 18 77 93 53 75 2 51 51 12 52 32
88 39 7 89 72 92 59 11 63 85
74 32 59 35 38 62 61 4 85 62
20 77 51 51 50 4 85 40 20 62 71 10 62 25 36 11 84
7 55 45 66 47 14 27 47 18 48 56 68 39 52 40 24 33 100 4
66 65 54 34 63 65
22 77 97 63 48 68 100 87 26 85 11 67 2 7 9 4 52 75
10 11 11 43 59 53 79
1 81 22 5 46 75 57 54 11 54 52 60 90 19 13 99 86 94
31 54 98 74 19 78 41 0 79 87 72 44
47 73 38 98 91 42 64 71 10 22 56
37 19 98 67 63
5 36 70 1 35 96 46 98 23 26 11
14 76 16 62 85 6 92 27 10 62 62 1 2
26 62 56 64 82 17 6 10 87 67 94 67 93
70 58 38 24 9 87 7 26 27 61 7 96 65 86 38 66 32 34 69 39
13 71 17 4 52 84 33
97 31 97 87 99 81 79 56 80 42 24 10 96 69 56 96 36 87
68 42 90 33 92 46 26 67 57 48 74 100 10 100 50 57 1
43 60 95 17 79 6 6 7 96 31 2 43 85
25 8 79 73 37 26 84 83 6 61 29 6 8 50
24 52 1 74 62 72 87 27 75
86 57 83 33 62 60 60 92 48 87 57 63 18 26
79 29 9 42 44 70 80 15 17 46
14 4 71 45 17
34 99 87 39 75 71 16 78 9 93 87 50 24 62 79 88
48 15 16 70 61 30 62 70 44
7 28 9 78 80 88 45 79 28
29 28 6 60 17 56 100 22 86 67
26 89 23 19 73 97 79 36 86 24 74 96 38
7 55 92 55 20 80 12 16 93 16 32 80 79 77 97 53
22 67 2 25 48 84
30 25 54 72 48 100 49 83 79 30 87 22 61 60 29
29 56 82 65 64 93 96 52 39 40
75 94 15 17 49 31 92 98 84 30 56 6 34 82 10 28 42 70 10 37
30 78 17 67 37 37 77 21 51
98 10 10 31 69 2 56 58 13 83 10 20 18 85 34 97 10 71 77
26 55 21 49 25 25 13 21 20 11 67 66
18 52 92 15 87 93 97 72 0 19 84
92 83 61 26 64 4 34 19 0 29 86 10 26 28
5 54 45 24 8 85 12 21 62 45 1 68 32
37 55 24 71 46 78 35 58
18 24 9 15 48 30
89 32 69 73 39 95 77 79
88 54 54 60 97 100 65 80 67 64 9 90 1 16 78 3 0 17
6 37 41 6 61 14 39 3 46 29 23 79
35 48 35 30 99 0 12 27 66 55 62 8 34 32 35 75 41 28 88 4
51 16 83 39 18 75 78 40 72 3 77 37 8 74
13 35 70 68 85 86 97 62 88 89 87 80 99 27 70
58 88 41 27 43 32 90 86 83 87 30 37 17 30 52 88 58 20
40 54 28 87 26 83 4 5 12 81
74 3 46 5 92 4 30 92 16 68 3
83 23 13 56 87 70 21 50 64 45
60 52 36 75 64 50 2 88 12 4 54 66 56 31 15 6 57 38
25 91 7 29 0 80 37 64 13 55 53 45 71 0 57 36 5 70 61
63 65 2 83 66 97 48 56 8 77 78 73 92 64 73 96 79
99 2 79 50 38
16 90 13 27 36 98 60 24 65
53 28 71 73 71 75 0 66 92
33 63 33 6 86 93 58 7
94 8 75 66 81 43
5 44 81 1 33 39 15 73 66
91 43 10 17 13 11 61 20 93 55 65 96 26 62 51 79
21 29 99 6 45 88
87 26 91 39 80 72 56 32 35 50 58 80 90
1 47 44 27 5 90 61 62
22 38 33 72 6 64 16 78 94
91 17 34 69 100 62 17 88 50 100 40
21 41 32 93 58 8 30 78 93 46 28 8 20
100 35 37 10 49 19 85 40 36 3
61 16 91 93 75
74 59 44 99 14 5 83 47 67 38 90 55
6 37 59 78 19 1 17 89 24 29 30 64 41 31 99 67 8 53 50 79
25 69 35 72 17 20 67 28 41 29 59 77 78 80 73 96 65 77 51 8
34 76 13 69 67 18 9 91 15 10 6 75 28 6 40
30 6 40 3 84 85 29 20 29 20 99 15 64 27 87 47 99 9 89 1
83 6 57 41 95 26 81 11 77 20 21 52 22 5 46 7 49 63
45 15 6 56 37 36 93 8 36 31 100 44 98 2 91 92
9 71 45 90 78 16 71 0 48 90 36 44 59 65 6 14 58 49 6
25 12 46 7 59 29 64 52 0 16 11 86
2 3 56 78 86 0 66 29
45 97 85 58 39 84 90 92 69 58 76 73
3 41 48 48 24 84 13 86 72 95 69 38 33 11 21 3 21
14 10 35 10 22 31 50 89
81 32 20 25 65 44 62 0 100 84 78 60
17 46 38 49 15 21 17 57 24
89 33 30 11 52 35 87 46
78 29 66 30 19 27 23 85 69 98 12 73 81 47
58 26 80 10 72 62 57 35 22 51 73
3 82 7 20 87 98 91 97 38 20
51 90 100 66 16 3 40 50 28 83 26
39 67 13 46 21 65
34 6 37 6 87 5 32 38
82 36 76 23 44 61 34 2 53 83 37 33 97 76 58 6 42 57 64
0 79 14 100 80
78 65 51 25 40 89 69 42 22 87 20 3 24 24 53 67 79 19 92
11 55 81 46 9 54 49 60 75 79 5 85 34 47 41 88
100 64 78 48 76 46 52 90 63 20 57
76 43 10 83 9 74 94 92 17 31 69 17 83 54 65 4 24 63 85 16
10 81 76 13 52 46 56 22 14 16 90 20 1 56 81 45 75 56 55 82
24 69 92 4 42 64 83 76 32
88 38 70 19 67 85 93 28 53 63 36 27 77 13 36 32 33 100 50
65 91 63 57 11 74 85 44 89 78 56
35 45 53 11 92 29 69 81 33 40 0 82 51 6
38 32 6 77 7 62 42 55 47 40 36 51 94 80 72 88
6 15 62 70 80 18
87 41 68 4 36 67 5 31 80 79 53 7 75 67 70 72
81 7 40 11 79 53
55 5 67 0 70 61 17 59 34 18 75 32 84 38 66 73 52 5 52 48
71 58 13 93 99 73 30 21 94 18
98 86 79 93 23 56 84 9 45 91 86 63 46 7 48 79 96 21 50
48 73 15 48 80 79 36 55 20 21 56 53 40 70 85 72 60 99
76 34 0 60 37 72 22 77 25 20 56
6 91 21 15 90 34 63 9 89 26 18 15 29 37
52 79 96 86 1 5 77 85 36 5 70 84 99 14 72 21 77 16
21 99 53 50 72 5 44 87 74 22 42 76 95 49 63 70
0 28 16 89 23 42 39 37 41 78 19 99 30 67 24
22 43 7 65 74 36 39 57 24 81 81 39 23
82 67 2 54 76 54 24 96 61 35 79 12 73 9 62 2
24 28 70 28 18 76 99 100 91 54 46 56 25 93 25 91 43 55
22 84 91 77 16 72 25 3 73 67 71 25 89 47
81 60 1 5 65 57
32 89 35 73 71 29 63 81 28 43 66 9 5 90 50
31 1 6 77 65 65 54 66 91 77 29
14 2 81 6 64 30
38 68 67 94 89 40 98 70 32 71 6 75 92 99 13 43 91 66 86 75
12 18 57 55 48 27 96 100 10 65 42 58 7 76 59
83 86 67 93 46 65 64 59 11 5
23 26 18 53 49 71 31 32 1 83 77 10 86 46 15 97 34 39
100 58 41 42 6 76 87 11 19 89 33
96 6 71 56 11 85 53 3 96 51 37 62 93 75 6 7 63 81 69 60
38 69 85 7 49 22 91 73 16 68 31 64 12 60 29 81 96 26
1 51 16 27 81 25 51 94 48 36 73 85 47 78
42 37 76 85 23 31 16 100 76 39 49 22 33 80 85 82 19
92 51 63 82 30 90 6 49 65 98 12
88 20 9 16 3 75 38 98 100 17 48 11 50
3 54 25 94 72 66 32 49 97 65 35 78 14 83 65 1 95 30 67
34 24 32 37 90
18 25 21 3 91 63 89 91 63 53 93 6 69 8 10 67
5 58 37 27 41 2 96 38 70 30 49 79 81
90 99 7 98 37 95 3 66 88 62 30 86 66 1 26 94 93 35 67
89 0 49 97 51 70 41 15 9 19 87 51 82
50 93 96 8 73 31 99 50 97 64 55 88
44 62 28 21 80 75 11 49 56 71 62 37
60 12 21 37 89 63 23
77 56 96 57 26 86
38 17 31 32 58 8 47 35 4 97 59 93 78 83 34
61 32 34 89 54 0 93 41 79 86 97
20 19 27 98 40 93 33
32 11 94 67 83 47 68 4 31 9 42 29 4 41
70 8 91 3 82 80 86 56
91 1 38 72 14 97 0 41 57 47 8 12 61 51 32 9 6 14 100 76
46 41 84 58 26 18 99 44 38 78 30 86 22 50 68 12 99
56 32 38 77 94 72 46 26 99 47 7 43 49 35 59 15 100
8 50 64 65 95 88 51 15 87 8 49 64 89
61 73 11 9 95 77
88 82 37 96 24 70 96 28 19 75
1 25 30 81 42 34 39 76 38 27 79 37 92 8 35 76 55 24
39 94 43 5 73 92 84 13 3 81 98 75 3 20 24 24 60 43
63 19 94 5 4 55 44 65 51 99 84 38 24 73 36 95
54 29 21 10 32 57 19 75 9 21 9 87 8
43 44 35 93 21 31 20 14 83 77 72 89 82 41 7 61 80
93 42 89 38 44 100 45 19 70 61 58 28 36
47 26 75 4 18 39 22 93 24 51 39 72 39 26 98 25 53 30 50
38 75 31 82 95 6 31 48 39 74 78 6 49 67 79 88 28
15 90 93 57 21 34
49 81 63 19 80 98 61 31 38 95 2 78 10 5 41
69 22 49 35 62 81 0 68 13 46 70 17 49 78 24 98 83
84 4 22 30 36 69 36 4 15 25 38 66 20 19 46 40 9 9
72 75 35 76 26
60 77 55 74 61 22 15 29 70 93 62 56 0
23 11 81 16 74 48 77 100 83 40 85 94 28 27 80 58 62 19 99
2 55 31 15 15 53 37
23 69 1 84 20 40 82 19 31 80
2 36 73 10 27 56 85 72 93 37 98 73 42
65 4 55 66 60 15 49 5 9 95 66 79 49 24 78 94
30 34 2 11 64 36 12 44 6 79 46 76 65 63 47 93 78 84 75
26 45 50 94 36 100 42 33 64 74 83 9 62 76
4 35 70 60 89 94 32 18 4 51 2 66
23 38 47 75 78 1 43 54 91 45 93 37 23 1
28 72 100 26 30 21 1 4 35 94 23 11 86 52 97 34 31
35 67 6 8 58 91 24 16 45
59 76 6 5 67 83 55 51 69 79
20 50 18 91 34 11 25 80
44 29 28 38 50 78 67 66
99 30 55 47 33 29 15 75 47 60 79 33 44
1 24 85 8 9 44 83 43 81 44 64 31 12 60 94
47 42 91 100 75 29 33 44 49 40 41 36
81 65 18 41 25 2 41 86 60 67 1
31 10 84 89 58 83 100 54 28 23 44 100 74 70 63 66 1 49 1 51
5 8 87 87 61 95 98 85 83 6
8 12 56 31 80 76 15 87 90
74 20 82 19 69 75 98 49 61 66 22 68
72 85 27 79 49 51 67 55 38 42 75 81 78 93 4 94 34
88 8 1 38 55 16 94 6 77 17 48 9
96 17 41 54 16 76 79 69 20
55 100 38 18 47 34 62
64 49 48 94 45 74 73 90 52 10 22 13 73 49 93 1 60 82 12 48
49 18 29 47 42 45 15 94 30 16 25 34 27
41 4 64 80 25 83 22 50 85 15 45 30 50 75 86 41 87
61 47 89 42 21 13 65 66
45 96 39 22 6 43 6 83 39 3 55 80 91 60 0
31 98 10 58 63 89 73
44 62 74 20 76 93 35 97 44 68 11 23
91 84 24 12 6 95 43
59 28 9 7 34 40 17 91 57 46
10 15 26 50 85 7
57 27 97 1 54
83 0 32 35 65 33 32 9
84 56 28 18 15 10 33 18 82 45 62 39 89 80 75 100 98
14 47 16 39 83 0 30 5 25 26 86 66
43 58 49 21 83 16 64
14 7 11 21 79 11 6 3 20 40 65 63 46 32
19 7 23 69 98 28 57 24 43 62 27 25 81 82 78 27
57 22 35 69 71 34 24 71 59 58
77 100 52 45 43
50 6 31 8 56 45 87 45 31 31 80 93 56 26 83 32 42 79 94
20 62 37 98 85 69 25 34 12 22 48 50 76 58 34 91 65 10
93 29 52 24 28 21
47 45 66 7 20 20 42 82 41
94 80 54 5 67 49 25 65
41 46 95 54 66 66
31 69 89 50 42 95 3 13 62 54
3 27 98 10 90 86 64 68 67 11 86 34
42 27 58 65 78 84 6
26 88 7 49 40 76 62 78 3 37 22 67 53 57 93 32 70 96 65
61 21 55 36 1 60 62 24
36 39 34 5 22 52 86 52 44 83 30 86 6 4 2 7 32 91 31
0 51 20 65 21 35 4 22 3 62 86 39 5
0 6 79 49 20 54
73 70 37 41 91 97 31 64 78 93 30 82 62
95 1 65 96 15 64 64 24 46 25 98 7 58 46 31 31 52
63 4 49 63 68 53 49 24 88
68 15 93 51 2 44 71 20 85 28 75 50 62
92 25 2 72 49 21 98 67 43 90 77 71 12
81 30 26 100 56 77 97 77 60 25 42 22 28 17 22 29 82 2 90
2 36 13 3 11 51 85 32 88 81 26 92 93 75
72 13 47 21 10 45 3 40 72 7 34 62
71 61 39 20 86 40 55 26 46 11 40 89 8 94 96
31 32 72 49 17 15 39 88
65 25 72 59 12 78 60 77 7 28 65
69 76 9 79 35 76 94 39 0 3 23 45 14 19 91 41 70 34 17
8 17 99 12 40 80 13 75 91 59 13 92 76 17 17 56 67 56 74 17
90 64 48 68 83 95 28 91 33 60 57 93 28 35 88 25 58 31 15
53 51 76 38 79 39 2 38 7
54 32 40 20 58 9 41 10 65 43 39 40 25 95 21 63 65 24
14 47 83 64 3 94 52 46 28 42 36 10 83 75 63 76 74 56
62 95 64 74 51 2 69 87 98 93 57 22
22 44 35 23 85 53 89 92 88 80 80 91 90 98 36 0 42 91 1 55
72 80 13 44 54 75 81 18
92 70 1 59 33 66 80 15 80
44 22 29 0 94
71 58 14 3 63 13 75 98 85 68 73 1 0 31 82
1 36 97 78 46
32 61 18 97 78 48 56 43 18 95 54 95 78
8 2 58 16 90 45 18 19 55 22 67 98 71 16 55 87 11 22 48
28 52 13 39 42 30
55 91 81 94 84 16 99 58 73 15 38 93
57 93 89 56 1 65 25 69 57 24 73 92 32 78 46 98 10 83 96
42 73 98 80 21
76 0 8 38 77 7
80 70 57 69 11 14 39 94 22 68 71 3 15 72 82
5 34 20 28 4 56 46 94 56 42 24 16 9 48 8 49 38 64 7 25
15 92 2 82 65 38 56 58 59 43 91 11 22 97 14
94 67 13 36 44 87 96 77 54 90
50 47 27 32 97 80 93 12 19 29 88 35 87 96 36 9 43 66 27 81
9 70 5 62 51 9 61 70 94 58 68 15 56 100 58 6
13 99 66 51 68 19
74 55 36 53 19 84 14 6 67 22 100 92 59 9 93 12 23 75
34 76 79 66 11 15
30 27 71 40 56 38 91 24 23 93 81 30 64 6
28 32 57 16 17 43 93
57 90 66 43 8 50 8 48 58 34 25
11 40 51 98 91
12 64 55 99 93 10 37 81
9 84 83 94 96 78 47 87 44 30
37 66 34 94 24
17 92 30 94 75 21 46 25 66 25 38 62 18 95 20 90
21 80 37 49 24 76 93 35 48 78 89 50 30 91 77 81
92 9 79 47 29 9 24 72 81 5 52 95 15
68 18 39 26 78 76 83 74 37 18 38 2 77 4 81 84 2
69 59 89 63 11 40
98 73 50 13 79 55 30 7 21 56 40 73 26 14 64 44 57 39 95
12 56 21 83 36 45 75 86 28
8 66 29 98 15 1 4 55 86 91
12 86 14 76 34 46 71 31 95 26 24 76 99 63 86 65 100 25 55 7
83 80 56 65 64 6 79 19 99 98 99 100 54 27 41 75 64 35 87
77 48 34 11 39
98 97 74 47 53 91 73 74 37 12 86 48 53
38 54 57 33 31 92 66 55 7 6 84 33
71 9 99 42 64 44 14 47 14 16 58 51 21 4
93 93 44 62 6 39 30 42 78 53 60 15 60 67 74 48 34
30 86 93 59 12 65
41 5 13 59 62 9 99 63 43 33 48 41 49 46 98 13
30 98 25 53 84
48 70 48 9 2 60 21 68 44 67 58 22 31
94 97 85 28 28 90 18 62 63 35 30 53 55 66
71 22 87 24 40
38 41 78 66 33 20
66 22 77 58 27 22 43 54 92 17 40 100 81 25 80
78 6 95 23 81 5 75 48 30
71 57 21 32 20 20 9 46 85 20 90 39 36 59 57 80 74 78 45 28
59 60 54 97 12 34 86 32 98 47 78
91 39 19 30 70 32 42 40 24 71 24 92 68 16 62 1 39 96
88 15 29 74 2 52 77 58 48 39 41 35 59 91
61 43 0 100 15 18 28 19 11 100 96 42 57 8 81 53 46 55 10 50
79 53 93 23 15 3
55 86 48 60 76 3 0
12 60 49 87 3 94 4 23 95
3 80 26 70 58 85 42 80 57 53
67 11 96 66 75 11 25 98 37 91 0 66 60
98 91 63 75 41 30 12 57 33 75 34 67 45 57 8 74 10
61 44 28 88 93 84 90 10 69 63 29 34 74 46 87 26 32 95 77 71
78 75 38 54 15 1 89 98 53 45 70 75 78 70 26 31 68
20 52 48 42 91 93 93 100 68 51 22 58
83 17 7 31 72 25 9 75 39 37 6 48 15 15 29
11 99 38 16 20 12 24 19 59
35 68 4 27 90 62 21 32 28 94 7 25 39 75 29 16
10 30 42 1 42 30 82 37 48 65 8 81 49 18 79 16 53 34
99 52 27 7 29 87 6 85 48 96 0
95 95 9 88 100 81 30 38 42 38 81 16
70 62 99 56 53 4 43 7 82 83 95 86 53 18 96 89 6
47 34 55 61 93 72 70 74 97 36 2 83 55 21 55 0 6
65 19 42 86 7 55 95 53 68 96 42 14 81 22 44 94 36 78
88 19 98 55 28
93 49 8 78 34 35 8 68 92 91 44 57 28 42 57 12 92 63 39
40 94 40 29 36 83 13 76 51
29 46 3 11 99 70 3 56 43 94 77 6
48 33 8 11 33 53 50 99 94
34 82 49 88 62 81 83 93 5
55 81 81 28 18 35 61 12 65 48 65 25
26 69 44 8 66 59 48 69 24 46
53 62 29 21 35
83 19 64 19 40 1 86 97 28 92 72 82 45 59 87 44 34 77
47 11 29 7 12 100 38 65 41 100 22 42 48 11 64 5 39 60 37
23 47 67 89 71 70 10 67 85 96 100 88 46 52 84 75 50 35 90 69
21 83 44 88 19 63 18 32 18 20 100 0 98 42 67 94 16 67 88 14
34 92 93 90 84 16 33 90 99 74 6 68 12 76 90 60 99
23 47 35 95 49 88 63 90 61 45 44 22 86
40 70 74 2 9 96 78 94 36 83 43 33 69 69
20 77 69 3 84 61 85 60 64 45 22 98 28 5 13 4
66 55 94 39 78 16 88 4 42 47 99 64 98 4 37
17 72 13 62 49 78 27 55 61 12 80 58 70 79 23 72 91 37 9 26
29 78 38 61 30 44 26 95 95 48 34 76 39 94 2 62 11
76 3 19 35 20 56 97 50
24 52 15 49 38 17
94 98 33 83 72 23 28 29 54 9 79 29
79 72 19 4 78 36 9 39 88 62 34 60 37 27 16 4
95 8 51 61 37 81 60 8 33 44 70 66 32 88 94 77 18
42 64 19 82 79 52 43 41 34 48 28 70 57 8 45 8 94 91 51
57 80 0 68 87 46 78 58 79 16 22 55 63 80
14 59 7 71 91 59 15 67 46 76
11 29 43 97 15 79 96 33 15 89
53 75 79 42 65 86
85 68 4 10 83 88 0 25 94 53 4 45 51 61 7
17 18 7 25 99 60 96 6 6 84 80 32 8 41 42 12
62 70 36 53 17 66 54
69 16 12 87 86 78 28 13 72 62 28 0 17 79 13 94 77 87 73
18 38 74 64 37 90 8 57 46 48 71
89 91 85 68 82 75 84 39 64 62 86 48
59 0 22 48 84 42 1 77 41 59
10 66 99 39 84 2 40 73 55 38
4 91 79 100 65 83 65 12 75 4 95 54 13 75 100 62
53 89 4 60 84 64 46 11 40 23 40 14 36 47
61 75 72 97 93 22 58 85 0 84 9 91 93 48 27 53 47 18 67 71
54 8 6 20 47 76 91 26 96 14 78 73 50 50
2 82 20 38 77 16 6 63 45 76 35 58 13 71 21
98 2 38 70 46 60 40 18 99 75 72 90 64 32 16 49 47 3 64
22 48 81 63 78 86
42 48 55 15 16 51 12 49 26 100
26 33 6 39 13 62 81 53 33 16 60 23 69
7 26 66 78 4 27 15 88 84 97 55 37 63 17 69 39 84
26 20 36 96 7 51 98 23 29 12 44 12 28 23
48 43 70 76 68 4
34 6 48 57 35 65 34 19 58 31 48 70 83
41 16 54 14 3 98 8 83 59 13 32 14 2 7 24 100 4
54 38 52 16 60 54 83 19 100 95 64 15 66
68 45 62 44 12 73 91 60 11 0 44 0
26 63 56 4 16 24 80 44 21 61 81 97 94 13 89 69 42 33 14 31
25 43 39 27 74
1 31 74 41 39 9 34 42
30 74 94 47 66 97 78 46 84 62 54 37 26 43 33 86
10 31 29 35 91 53 24 68 19 61 39 85 92 46
54 97 50 68 50 62 53 22 29 26 69 63 24
2 15 19 99 52
21 83 85 26 94 26 30 12 49 11 20 36 0 93 52 2
43 72 42 90 90 84 95 55 74 68 57 75 70
93 30 49 28 90 73 98 80 31 64 56 38 31
84 91 88 51 40 22 35 50 76 2 88 52 86 49 83 81 77 36 54
20 30 21 66 36
56 32 16 79 23 65 9 15 76 93 100 95 57
19 89 42 56 74 58 51 4 78 13 40 76 86
36 34 6 16 39 60 41 65
92 26 83 51 31 47 58 92 37 75 8 5 69 42 77
21 75 63 75 62 79 100 41 98 96 32 59 94 10 75 34 74 63
14 17 42 43 70 73 77 65 25
60 73 69 19 57 68 92 15 99 75 49 50 58 51 20
13 49 11 73 100 99 69 7 4 69 5 48 66
94 72 72 54 57 48 95 60 89 46 51 52 15 86 9
32 18 29 73 50 80 68 26 78 47 86 79 43 96 77
51 79 28 94 96 13 82 77 24 27 80 69 59 25 75 63 100 41 6
42 3 1 56 76 21 11 27 22 36 79 18 53 90 27
93 25 19 36 22 60 52 64 53 30 24 52 47 63
58 58 60 67 50 83 10 79 79 24 16 96 84 0 30 81 82 60 36 44
16 50 59 40 58 72 80 9 9 29 92 2 36 94 9
46 60 40 66 0
20 81 97 68 55 30 67 89 69 65 64 61
49 25 19 84 11 40 33 21 62 92 68 34 83 2 100 53 14 44 0
91 6 74 55 52 4 74 20 65 93
37 59 37 81 15 68 81 44 42
54 73 17 97 96 48 70 26 82
40 92 10 45 84 10 78 41 51 80 89 89 75 25 75 60
60 14 23 41 35 22 34 51 84 14 3 55 93 93 43 38 75 44 10 86
96 67 65 73 30 57 9 81 13 75
1 15 83 98 42 60 41 68 32 5 43 95 90 23 59 92
49 16 55 32 47 14 76 38 23 2 57 50 60 14 87 33 26 41
0 72 63 27 66 34 81 34 29
57 59 86 66 87 34 9 24 36 57 91 53 34 17 70 38 82 17 51
94 79 81 41 37 42
43 68 30 7 78 97 35 27 47 47 7
41 30 58 4 15 41 10 72 93 1 70 27 30 31 9 36 61 26 52
96 36 53 52 5 18 24 88 28 61 31 36 67 68 16 67 27 80 49 13
31 44 41 84 30 55 81
24 55 80 15 9 5 22 3 52
31 30 53 98 50 47 51 71 52 42 96
29 59 96 24 93 3 42 71 79 76 83 72 95 53 43 6
79 12 23 14 77 19 1 14 75 88 56 93 95 87 83 66 49
73 56 9 45 0 72 19 28 17
45 66 40 97 65 90 85
96 100 2 68 57 69 60 12 18 75
63 66 45 83 23 83 6 54
65 77 42 97 64 83 11 99 57 93
58 39 36 86 56 42 89 81 47 60 5 22 19 86 53 28 38 11 10 20
19 50 55 19 21 15 79 52 70 83 64 18
44 6 60 43 12 13 13
67 63 5 18 17 33 38 55 19 91 35 99 53 26 18
3 53 87 85 67 18 73 55 80 33 90 24 66 35 93 4 90 30 75 6
48 33 78 6 95 24 49 51 57 89 30 76
63 41 36 43 58 53 33 47 57 50 91 90
60 61 62 74 5 82 92 35 67 80 88 20 91 49
22 71 57 44 71 26 48 33 27 23 56 40 9 86 70 54 66 89 70 41
38 42 62 89 76 61 93 40 39 76 45 25 48 59 95 66 41 94 45 61
57 69 38 100 65 25 33 22 11 12
69 82 88 26 100 14 3 68 94 23 97 62 80 52 46
94 13 65 98 62 27 91 56 61 38 37 58 50 88 64 3 82 17
6 43 48 96 64 95 89 76 92 79 95 6 18 63 46 57 75 40 1
54 92 15 12 78 76 27 70 95 97 33 56 64 20 49 56 0 12
69 43 34 61 95 7 99 15 60
48 50 95 19 88 33 50 25 53 35 12 80 42
94 71 57 2 55 76 83 95 45 23
26 65 66 32 59 97 19 96 85 2 56 46 34 84 79 2 94 80 83
86 90 78 11 96 97 44 19 31 26 99 74 34
21 50 87 46 39 78 75
66 50 83 43 46 73 55 48 21 32 100 77 21 3 33 64 52
52 89 94 41 77 25 34
1 83 100 7 54 49 88 57 10 63 79 37 21 97 97 41 13
87 57 39 64 83 96 37 97 14 31
2 40 18 5 26 80 99 34 57 9 62 25 24 90 1 27 2 92
11 29 0 45 27 98 28 15 40 99 70 25 100 50 35 66 49 42 40 28
85 54 95 48 26 78 51
76 55 5 40 64 44 42 19 19 39 65 31 37 89
56 25 96 42 64 54 53 77 46 23 88 45 97 30
100 93 32 62 10 100 57 48 94 68 20
12 45 21 36 37 83 38 49 95 69 54 12 0 88 36 9 99 90 50
66 10 9 20 66 90 76 95 37 70 5 30 85 67 55 18 52 49
73 13 83 96 25 83 72 31 82 83 48 58 83 66 55 57 31 50 47 83
30 27 71 47 17 85 20 34 82 86 99 55 22 54 78 44
55 14 4 56 85 96 15
30 13 22 78 66 78 4 48 66 21 7 17 44 63 47 30
30 29 22 37 58 25 99 58 29 16 80 79 48 46 13 53 71 64 57 87
53 36 38 47 65 87 6 2 73 45 77 90 87 91 12 30 7 51 60 27
24 17 15 71 40 45 21 77 40 63 38
11 7 90 49 98 36
1 95 37 25 45 10 69 88 68 62 77 59 28 59 67
5 60 98 47 23
81 8 39 17 88 6 13 49 4 42 87 60
14 25 33 46 81 17 13 51 75 42 54 61 5 15 8 36 6 57 47
30 71 11 39 35 74 23 43 74 78 5 54 3